{
  "target": "BivariateEmpirical",
  "kind": "multivariate_distribution",
  "source": "Numerics/Test_Numerics/Distributions/Multivariate/Test_BivariateEmpirical.cs",
  "note": "The C# test's Assert.AreEqual(actual, expected, tol) argument order is reversed from the MSTest convention (expected, actual, tol); the numeric values below are unaffected since AreEqual only checks near-equality, but this is called out per the task brief.",
  "cases": [
    {
      "name": "cdf_plain",
      "construct": {
        "x1": [1.0, 2.0, 3.0, 4.0, 5.0],
        "x2": [6.0, 7.0, 8.0, 9.0, 10.0],
        "p": [
          [0.00405294623516298, 0.0132662170105167, 0.0207236588305977, 0.022603272182165, 0.0227468879771625],
          [0.0132662170105167, 0.0625140947096637, 0.127398206576625, 0.154872951858602, 0.158508394165442],
          [0.0207236588305977, 0.127398206576625, 0.333333333333333, 0.468742952645168, 0.497973526882419],
          [0.022603272182165, 0.154872951858602, 0.468742952645168, 0.745203586846751, 0.831860831130881],
          [0.0227468879771625, 0.158508394165442, 0.497973526882419, 0.831860831130881, 0.958552682338805]
        ]
      },
      "assertions": [
        { "method": "dimension", "args": [], "expected": 2, "mode": "equal" },
        { "method": "parameters_valid", "args": [], "expected": true, "mode": "bool" },
        { "method": "cdf", "args": [[1.5, 6.0]], "expected": 0.008659582, "mode": "abs", "tol": 1e-6 },
        { "method": "cdf_xy", "args": [1.5, 6.0], "expected": 0.008659582, "mode": "abs", "tol": 1e-6 },
        { "method": "cdf_xy", "args": [3.22, 8.15], "expected": 0.388089576, "mode": "abs", "tol": 1e-6 },
        { "method": "cdf_xy", "args": [3.0, 9.99], "expected": 0.497681221, "mode": "abs", "tol": 1e-6 }
      ]
    },
    {
      "name": "cdf_logarithmic",
      "construct": {
        "x1": [1.0, 2.0, 3.0, 4.0, 5.0],
        "x2": [6.0, 7.0, 8.0, 9.0, 10.0],
        "p": [
          [0.00405294623516298, 0.0132662170105167, 0.0207236588305977, 0.022603272182165, 0.0227468879771625],
          [0.0132662170105167, 0.0625140947096637, 0.127398206576625, 0.154872951858602, 0.158508394165442],
          [0.0207236588305977, 0.127398206576625, 0.333333333333333, 0.468742952645168, 0.497973526882419],
          [0.022603272182165, 0.154872951858602, 0.468742952645168, 0.745203586846751, 0.831860831130881],
          [0.0227468879771625, 0.158508394165442, 0.497973526882419, 0.831860831130881, 0.958552682338805]
        ],
        "p_transform": "Logarithmic"
      },
      "assertions": [
        { "method": "cdf_xy", "args": [3.22, 8.15], "expected": 0.379680109, "mode": "abs", "tol": 1e-6 }
      ]
    },
    {
      "name": "cdf_normalz",
      "construct": {
        "x1": [1.0, 2.0, 3.0, 4.0, 5.0],
        "x2": [6.0, 7.0, 8.0, 9.0, 10.0],
        "p": [
          [0.00405294623516298, 0.0132662170105167, 0.0207236588305977, 0.022603272182165, 0.0227468879771625],
          [0.0132662170105167, 0.0625140947096637, 0.127398206576625, 0.154872951858602, 0.158508394165442],
          [0.0207236588305977, 0.127398206576625, 0.333333333333333, 0.468742952645168, 0.497973526882419],
          [0.022603272182165, 0.154872951858602, 0.468742952645168, 0.745203586846751, 0.831860831130881],
          [0.0227468879771625, 0.158508394165442, 0.497973526882419, 0.831860831130881, 0.958552682338805]
        ],
        "p_transform": "NormalZ"
      },
      "assertions": [
        { "method": "cdf_xy", "args": [3.22, 8.15], "expected": 0.386806419, "mode": "abs", "tol": 1e-6 }
      ]
    }
  ]
}
